37787 4803 NA User233172
39061 4803 NA User233172
117129 4803 NA User233172
125314 4803 NA User233172
128830 4803 NA User233172
146555 4803 NA User233172
201225 4803 NA User233172
211754 4803 NA User233172
217183 4803 NA User233172
227252 4803 NA User233172
229268 4803 NA User233172
231300 4803 NA User233172
233484 4803 NA User233172
233488 4625 7 User233172
298506 4803 NA User233172
303542 4803 NA User233172
303850 4625 7 User233172
312262 4803 NA User233172
316952 4803 NA User233172
375622 4803 NA User233172
380766 4803 NA User233172
394977 4803 NA User233172
400175 4803 NA User233172
401665 4803 NA User233172
629475 4803 NA User233172
637253 4803 NA User233172
642443 4803 NA User233172
648876 4803 NA User233172
659436 4803 NA User233172
662364 4803 NA User233172
717095 4803 NA User233172
722347 4803 NA User233172
741445 4803 NA User233172
744033 4803 NA User233172
747957 4803 NA User233172
750695 4803 NA User233172
750701 4625 7 User233172
805778 4803 NA User233172
817084 4803 NA User233172
824650 4803 NA User233172
831950 4803 NA User233172
835558 4803 NA User233172
838184 4803 NA User233172
897401 4803 NA User233172
909049 4803 NA User233172
909053 4625 7 User233172
914861 4803 NA User233172
924805 4803 NA User233172
1062296 4803 NA User233172
1324429 4625 2 User233172
1329575 4803 NA User233172
1331791 4803 NA User233172
1337395 4803 NA User233172
1407714 4803 NA User233172
1409750 4803 NA User233172
1412822 4803 NA User233172
1417458 4803 NA User233172
1421202 4803 NA User233172
1424648 4803 NA User233172
1426558 4803 NA User233172
1434114 4803 NA User233172
1438001 4803 NA User233172
1494495 4803 NA User233172
1505417 4803 NA User233172
1505423 4625 7 User233172
1514671 4803 NA User233172
1523182 4803 NA User233172
1529112 4803 NA User233172
1588404 4803 NA User233172
1591714 4803 NA User233172
1595418 4803 NA User233172
1595422 4625 7 User233172
1602092 4803 NA User233172
1602096 4625 7 User233172
1606837 4803 NA User233172
1606841 4625 7 User233172
1610699 4803 NA User233172
1612267 4803 NA User233172
1839800 4803 NA User233172
1843498 4803 NA User233172
1852342 4803 NA User233172
1860753 4803 NA User233172
1860933 4625 7 User233172
1863485 4803 NA User233172
1864635 4803 NA User233172
1870035 4803 NA User233172
1871109 4803 NA User233172
1873731 4803 NA User233172
1931409 4803 NA User233172
1931967 4625 7 User233172
2013675 4803 NA User233172
2019153 4803 NA User233172
2025087 4803 NA User233172
2026623 4803 NA User233172
2031683 4803 NA User233172
2035681 4803 NA User233172
2039207 4803 NA User233172
2040812 4803 NA User233172
2102057 4803 NA User233172
2102061 4625 7 User233172
2105251 4803 NA User233172
2109549 4803 NA User233172
2112959 4803 NA User233172
2115953 4803 NA User233172
2117933 4803 NA User233172
2121129 4803 NA User233172
2121135 4625 7 User233172
2446129 4803 NA User233172
2446751 4625 7 User233172
2450027 4803 NA User233172
2454113 4803 NA User233172
2460135 4803 NA User233172
2468369 4803 NA User233172
2468477 4625 7 User233172
2479264 4803 NA User233172
2530812 4803 NA User233172
2538856 4803 NA User233172
2548356 4803 NA User233172
2555949 4803 NA User233172
2558449 4803 NA User233172
2558454 4625 7 User233172
2566847 4803 NA User233172
2619571 4803 NA User233172
2619575 4625 7 User233172
2623259 4803 NA User233172
2627677 4803 NA User233172
2629709 4803 NA User233172
2629713 4625 7 User233172
2632797 4803 NA User233172
2632801 4625 7 User233172
2634617 4803 NA User233172
2641353 4803 NA User233172
2643967 4803 NA User233172
2643971 4625 7 User233172
2646889 4803 NA User233172
2650394 4803 NA User233172
2651948 4803 NA User233172
2651952 4625 7 User233172
2705246 4803 NA User233172
2715358 4803 NA User233172
2719878 4803 NA User233172
2721644 4803 NA User233172
2721648 4625 7 User233172
2731316 4803 NA User233172
2734142 4803 NA User233172
2791554 4803 NA User233172
2800684 4803 NA User233172
2804344 4803 NA User233172
2810412 4803 NA User233172
2818284 4803 NA User233172
3112256 4803 NA User233172
3155818 4803 NA User233172
3227031 4803 NA User233172
3231937 4803 NA User233172
3238205 4803 NA User233172
3241949 4803 NA User233172
3252211 4803 NA User233172
3254015 4803 NA User233172
3254021 4625 7 User233172
3255499 4803 NA User233172
3256677 4803 NA User233172
3309784 4803 NA User233172
3311340 4803 NA User233172
3327388 4803 NA User233172
3332974 4803 NA User233172
3332980 4625 7 User233172
3335268 4803 NA User233172
3337808 4803 NA User233172
3341792 4803 NA User233172
3341796 4625 7 User233172
3343630 4803 NA User233172
3397539 4803 NA User233172
3413007 4803 NA User233172
3417069 4803 NA User233172
3479409 4803 NA User233172
3679536 4803 NA User233172
3684236 4803 NA User233172
3737969 4803 NA User233172
3752893 4803 NA User233172
3754312 4803 NA User233172
3759730 4803 NA User233172
3766004 4803 NA User233172
3769068 4803 NA User233172
3826307 4803 NA User233172
3828691 4803 NA User233172
3836325 4803 NA User233172
3839795 4803 NA User233172
3840745 4803 NA User233172
3842772 4803 NA User233172
3849117 4803 NA User233172
3850397 4803 NA User233172
3920433 4803 NA User233172
3921501 4803 NA User233172
3921505 4625 7 User233172
3925289 4803 NA User233172
3928184 4803 NA User233172
4000873 4803 NA User233172
4005463 4803 NA User233172
4010512 4803 NA User233172
4018502 4803 NA User233172
4257793 4803 NA User233172
4257815 4625 7 User233172
4261945 4803 NA User233172
4269951 4803 NA User233172
4269955 4625 7 User233172
4285074 4803 NA User233172
4289810 4803 NA User233172
4343202 4803 NA User233172
4351004 4803 NA User233172
4352584 4803 NA User233172
4360138 4803 NA User233172
4360142 4625 7 User233172
4370207 4803 NA User233172
4375157 4803 NA User233172
4430901 4803 NA User233172
4432867 4803 NA User233172
4437017 4803 NA User233172
4438951 4803 NA User233172
4443023 4803 NA User233172
4446737 4803 NA User233172
4453267 4803 NA User233172
4463160 4803 NA User233172
4524064 4803 NA User233172
4535402 4803 NA User233172
4536608 4803 NA User233172
4541888 4803 NA User233172
4543170 4803 NA User233172
4859926 4803 NA User233172
4873922 4803 NA User233172
4873978 4625 11 User233172
4873978 4625 2 User233172
4873990 4625 11 User233172
4873992 4625 2 User233172
4876120 4803 NA User233172
4879048 4803 NA User233172
4879056 4625 7 User233172
4883618 4803 NA User233172
4946161 4803 NA User233172
4946165 4625 7 User233172
4950461 4803 NA User233172
4962489 4803 NA User233172
4969599 4803 NA User233172
4971869 4803 NA User233172
4977859 4803 NA User233172
4979921 4803 NA User233172
5033961 4803 NA User233172
5039197 4803 NA User233172
5053557 4803 NA User233172
5060401 4803 NA User233172
5067251 4803 NA User233172
5121750 4803 NA User233172
5129232 4803 NA User233172
5150331 4803 NA User233172
5210707 4803 NA User233172
5214433 4803 NA User233172
5225687 4803 NA User233172
5233029 4803 NA User233172
5468151 4803 NA User233172
5470433 4803 NA User233172
5480041 4803 NA User233172
5482547 4803 NA User233172
5493401 4803 NA User233172
5496973 4803 NA User233172
5498559 4803 NA User233172
5569921 4803 NA User233172
5576889 4803 NA User233172
5577953 4803 NA User233172
5582529 4803 NA User233172
5585793 4803 NA User233172
5639954 4803 NA User233172
5643884 4803 NA User233172
5651076 4803 NA User233172
5655592 4803 NA User233172
5659934 4803 NA User233172
5659938 4625 7 User233172
5666840 4803 NA User233172
5668538 4803 NA User233172
5723295 4803 NA User233172
5733201 4803 NA User233172
5736735 4803 NA User233172
5742471 4803 NA User233172
5754077 4803 NA User233172
5761223 4803 NA User233172
6069370 4803 NA User233172
6082006 4803 NA User233172
6099759 4803 NA User233172
6105309 4803 NA User233172
6159768 4803 NA User233172
6165840 4803 NA User233172
6191426 4803 NA User233172
6242365 4803 NA User233172
6245987 4803 NA User233172
6259063 4803 NA User233172
6259067 4625 7 User233172
6266099 4803 NA User233172
6266185 4625 7 User233172
6269031 4803 NA User233172
6270867 4803 NA User233172
6276499 4803 NA User233172
6277661 4803 NA User233172
6328770 4803 NA User233172
6328774 4625 7 User233172
6330136 4803 NA User233172
6335790 4803 NA User233172
6344154 4803 NA User233172
6351920 4803 NA User233172
6351924 4625 7 User233172
6359218 4803 NA User233172
6359370 4625 7 User233172
6361968 4803 NA User233172
6420065 4803 NA User233172
6421163 4803 NA User233172
6423621 4803 NA User233172
6427107 4803 NA User233172
6432063 4803 NA User233172
6436951 4803 NA User233172
6501244 4803 NA User233172
6700085 4803 NA User233172
6701297 4803 NA User233172
6701299 4625 7 User233172
6704893 4803 NA User233172
6760844 4803 NA User233172
6769610 4803 NA User233172
6771048 4803 NA User233172
6774930 4803 NA User233172
6774956 4625 7 User233172
6787564 4803 NA User233172
6795696 4803 NA User233172
6795700 4625 7 User233172
6849754 4803 NA User233172
6851944 4803 NA User233172
6852990 4803 NA User233172
6855688 4803 NA User233172
6861888 4803 NA User233172
6861892 4625 7 User233172
6869146 4803 NA User233172
6872440 4803 NA User233172
6942245 4803 NA User233172
6947859 4803 NA User233172
6951363 4803 NA User233172
6959825 4803 NA User233172
6967537 4803 NA User233172
7279579 4803 NA User233172
7279839 4625 7 User233172
7283995 4803 NA User233172
7286041 4803 NA User233172
7288099 4803 NA User233172
7291589 4803 NA User233172
7300405 4803 NA User233172
7302807 4803 NA User233172
7306613 4803 NA User233172
7309743 4803 NA User233172
7368990 4803 NA User233172
7371932 4803 NA User233172
7371940 4625 7 User233172
7380716 4803 NA User233172
7388606 4803 NA User233172
7391770 4803 NA User233172
7396228 4803 NA User233172
7399261 4803 NA User233172
7428683 4803 NA User233172
7461133 4803 NA User233172
7462477 4803 NA User233172
7462481 4625 7 User233172
7463931 4803 NA User233172
7469625 4803 NA User233172
7545036 4803 NA User233172
7546520 4803 NA User233172
7551160 4803 NA User233172
7558520 4803 NA User233172
7565402 4803 NA User233172
7567718 4803 NA User233172
7567722 4625 7 User233172
7629353 4803 NA User233172
7633103 4803 NA User233172
7635595 4803 NA User233172
7649218 4803 NA User233172
7650548 4803 NA User233172
